1 0.04314954951405525 0.5899229645729065 0.061135802417993546 0.047381628304719925
1 0.8526913523674011 0.46510016918182373 0.0457858145236969 0.04131374508142471
1 0.8781400918960571 0.6057379841804504 0.06557856500148773 0.053539153188467026
1 0.10059761255979538 0.5687401294708252 0.05581259727478027 0.049947164952754974
1 0.2035120576620102 0.5334978699684143 0.04411150515079498 0.04531266912817955
1 0.8032407164573669 0.46042555570602417 0.03579122573137283 0.03868959844112396
1 0.1552143692970276 0.5508473515510559 0.05070025473833084 0.0449184849858284
1 0.34363454580307007 0.849495530128479 0.08629977703094482 0.06565148383378983
1 0.8041161298751831 0.5906153321266174 0.05877427011728287 0.05833277478814125
1 0.963344931602478 0.6232903003692627 0.06809666752815247 0.06131865456700325
1 0.25736477971076965 0.8151859045028687 0.07999537140130997 0.05852314829826355
1 0.18645606935024261 0.7925922274589539 0.06000619754195213 0.056006476283073425
1 0.42572012543678284 0.8829372525215149 0.0772571861743927 0.08074993640184402
1 0.754693329334259 0.4567679166793823 0.034451600164175034 0.0357029028236866
1 0.42031458020210266 0.45252975821495056 0.03323594480752945 0.03727177157998085
1 0.7296804785728455 0.5788483023643494 0.0544891357421875 0.06090690940618515
2 0.8452596664428711 0.56833815574646 0.30823802947998047 0.041439540684223175
1 0.11096223443746567 0.5668485164642334 0.04268007352948189 0.050495147705078125
1 0.4508507251739502 0.4436134099960327 0.029964305460453033 0.035336509346961975
1 0.7078477144241333 0.45111939311027527 0.0370832160115242 0.035921309143304825
1 0.42944857478141785 0.4504508972167969 0.030732493847608566 0.03827422112226486
2 0.11788579821586609 0.5599840879440308 0.23577159643173218 0.043998900800943375
2 0.8447559475898743 0.559625506401062 0.30724072456359863 0.03982313722372055
2 0.8609082102775574 0.5774124264717102 0.27818354964256287 0.038602255284786224
1 0.4777482748031616 0.4362484812736511 0.026356369256973267 0.0369272381067276
1 0.8439188003540039 0.46290910243988037 0.06875675171613693 0.03937261179089546
